Id x y vx vy fx fy

1 42.6495 23.9844 0.00652047 0.0156533 5.93286e-07 5.37249e-06
2 11.7942 69.27 0.00537523 0.0149984 1.17899e-06 7.55543e-07
3 93.926 62.2383 0.0226826 0.000102258 -2.96807e-05 2.16478e-05
4 13.6361 13.4556 0.0175696 0.00441185 1.2115e-06 2.65552e-06
5 90.4162 61.6302 0.00914039 -0.000222078 -2.22811e-05 1.8014e-05
6 16.2741 83.2328 0.0105436 0.00675057 1.24922e-06 3.94294e-07
7 97.0395 54.6557 0.000463655 0.0172186 -2.90108e-05 2.44619e-05
8 73.8838 12.7197 -0.0106648 0.00794299 -7.33141e-06 2.53539e-05
9 23.6407 24.1484 -0.00276901 0.0029568 1.11397e-06 2.90984e-06
10 15.0415 2.566 0.0055161 0.0115648 1.25392e-06 3.24418e-06
11 40.9255 31.2418 -0.00585442 0.0157041 6.34982e-07 4.21433e-06
12 37.1987 38.5409 0.00115756 -0.007843 7.22744e-07 3.04052e-06
13 40.5522 46.1171 -0.00041001 0.0185202 5.72377e-07 2.78829e-06
14 83.9237 92.9078 0.00773195 0.0082162 -2.06239e-05 6.70279e-07
15 32.3285 18.6361 -0.000115476 -0.00347129 1.0242e-06 4.27561e-06
16 69.025 58.8712 -0.00182695 0.0242653 -3.62809e-06 6.83565e-06
17 48.1228 69.6309 -0.00164186 -0.00994462 2.21922e-07 2.39452e-06
18 7.24857 91.5793 0.0170993 -0.00327264 1.23249e-06 6.91136e-08
19 6.9238 60.5454 0.0258088 -0.00518449 1.10755e-06 8.52567e-07
20 35.7042 70.6857 0.000302814 0.00174482 9.3916e-07 1.49172e-06
21 83.1328 73.186 0.00324429 0.0147823 -1.60045e-05 1.017e-05
22 50.4778 70.6727 -0.00572078 0.00247366 -1.04709e-08 2.52688e-06
23 9.66133 81.4428 -0.00311091 0.00332072 1.22653e-06 3.78179e-07
24 6.21771 34.2122 0.00297975 -0.00303773 1.05618e-06 1.42979e-06
25 36.1554 60.8783 -0.00329456 0.0027936 8.53267e-07 1.98653e-06
26 84.1448 1.57101 -0.00539759 -0.019005 -2.05099e-05 5.61452e-05
27 74.3955 96.373 0.0164236 0.0155702 -8.62737e-06 -8.53228e-07
28 2.49812 41.4079 -0.0118725 0.00194047 9.879e-07 1.08501e-06
29 24.8339 48.508 0.0138855 -0.011063 9.64166e-07 1.71681e-06
30 31.7068 97.0289 0.0100352 -0.00771186 1.12832e-06 -1.83132e-07
31 0.646144 63.8866 0.00134227 -0.0130637 1.09677e-06 6.64026e-07
32 69.56 61.9227 0.0107054 0.013818 -4.02586e-06 6.73297e-06
33 81.7953 80.3888 -0.0182928 0.0045143 -1.57697e-05 6.83172e-06
34 9.39503 84.9675 -0.00898535 0.00794623 1.23469e-06 2.72038e-07
35 56.6656 42.3328 0.00169171 -0.00469607 -6.10006e-07 5.01487e-06
36 72.5279 87.4801 0.0019234 0.00659847 -7.13374e-06 2.09949e-06
37 59.7333 74.226 0.0130583 -0.0150861 -1.51458e-06 3.20207e-06
38 72.2908 43.8467 -0.00492737 0.00399992 -3.56894e-06 8.16932e-06
39 9.3932 1.34787 0.00393959 0.00599703 1.23809e-06 2.79861e-06
40 7.79218 31.233 0.0114721 -0.00140091 1.08352e-06 1.59682e-06
41 80.2019 36.2766 -0.0124255 2.43851e-05 -7.94177e-06 1.53722e-05
42 41.6583 86.9595 0.00184379 -0.00652705 7.42888e-07 5.99441e-07
43 80.2463 67.448 -0.00407549 0.0153471 -1.13314e-05 1.00736e-05
44 59.7791 78.0321 -0.00820392 -0.0003562 -1.57436e-06 2.67461e-06
45 88.3111 54.9278 -0.00179145 -0.00116712 -1.57302e-05 1.6203e-05
46 65.604 92.038 -0.00646577 0.0100954 -3.53263e-06 4.54831e-07
47 93.9859 7.22306 -0.0100684 0.00388373 -4.64778e-05 9.24923e-05
48 34.8696 6.34309 -0.00530304 -0.00184271 1.02204e-06 5.77553e-06
49 91.2671 14.7989 0.000246797 0.00994859 -3.18127e-05 6.16234e-05
50 2.71447 12.7048 -0.0113016 -0.00216749 1.1653e-06 1.98736e-06
51 66.7205 68.5989 -0.0139095 0.00717327 -3.35546e-06 5.21596e-06
52 5.39694 12.9758 -0.00751724 0.00139093 1.18087e-06 2.1269e-06
53 7.73369 8.11719 0.00628814 -0.000345215 1.21213e-06 2.44092e-06
54 60.3029 55.1195 0.00593703 0.000379178 -1.28503e-06 5.03539e-06
55 99.6986 77.3924 -0.016464 0.00394236 -7.31441e-05 2.46282e-05
56 47.4976 69.0952 0.000787544 0.00396042 2.75588e-07 2.38008e-06
57 97.6029 3.22958 0.00969185 0.0073368 -6.87587e-05 0.000132166
58 83.2331 17.2992 -0.00510095 0.00815402 -1.54472e-05 3.60642e-05
59 97.77 18.8058 0.000580574 -0.00674185 -4.96774e-05 7.88235e-05
60 78.3501 87.3355 0.00192562 -0.0054624 -1.22568e-05 2.91971e-06
61 93.3659 19.0408 0.00717188 0.0083519 -3.4301e-05 5.98142e-05
62 45.3155 90.9108 -0.00090606 -0.0110069 4.97988e-07 3.03493e-07
63 50.6643 48.1147 -0.000933408 0.0201827 -2.34088e-08 3.79275e-06
64 85.7938 41.0457 -0.00125738 0.000276584 -1.04236e-05 1.55863e-05
65 4.14504 30.8349 -0.00165698 0.00509114 1.07277e-06 1.46551e-06
66 30.8457 90.0057 -0.000207377 -0.0179242 1.14564e-06 2.34126e-07
67 35.6889 84.3535 0.0181022 0.00350873 1.00464e-06 6.59481e-07
68 68.0694 17.3132 0.0035098 -0.0143648 -3.96265e-06 1.71794e-05
69 85.461 36.4033 -0.00248242 0.00106887 -1.16435e-05 1.91164e-05
70 20.4935 43.8071 -0.00648524 -0.00143076 9.57706e-07 1.6083e-06
71 43.048 65.4496 -0.00673141 0.00353865 5.7831e-07 2.25142e-06
72 84.8217 71.7409 0.00895365 0.0126517 -1.79871e-05 1.16241e-05
73 99.7997 89.117 -0.00618073 0.000683988 -8.89316e-05 8.78354e-06
74 13.0965 5.71023 0.00415346 -0.00708397 1.24144e-06 2.93965e-06
75 66.8482 65.623 -0.00827819 0.00888118 -3.26223e-06 5.62127e-06
76 50.9069 99.3316 0.0119391 -0.0237073 -6.4075e-08 -6.49932e-07
77 20.844 51.988 -0.00622399 0.0127957 1.03065e-06 1.46586e-06
78 53.6632 56.9393 -0.0123448 -0.0040962 -3.4223e-07 3.86418e-06
79 51.1541 45.1924 -0.00140118 0.00214488 -6.20343e-08 3.91688e-06
80 24.6246 13.4163 0.00842217 -0.00609765 1.17891e-06 3.68832e-06
81 28.6639 3.39322 0.0173023 0.0274282 1.17332e-06 4.89513e-06
82 64.134 94.1125 -0.016011 0.0103014 -2.98259e-06 -2.48241e-08
83 84.5335 5.3011 0.0146489 0.00960897 -2.05692e-05 5.34201e-05
84 6.87982 41.6483 0.0045258 -0.00735557 9.98643e-07 1.20177e-06
85 37.3789 65.6034 0.00102335 -0.00603855 8.46585e-07 1.84879e-06
86 26.4371 34.9405 -0.00885557 -0.00626745 9.89737e-07 2.44117e-06
87 47.8529 57.8404 -0.00921299 -0.0162664 2.17176e-07 3.1059e-06
88 93.4175 64.4565 -0.000552871 -0.0185698 -3.04606e-05 2.09091e-05
89 24.385 26.3723 0.00862595 -0.00604159 1.08925e-06 2.83355e-06
90 46.5008 68.6281 -0.00292981 -0.00471841 3.56118e-07 2.32834e-06
91 48.2392 31.1451 -0.00790284 -0.0245223 1.84193e-07 5.40498e-06
92 38.7217 9.30934 -0.0122356 -0.0141033 8.67152e-07 6.2986e-06
93 79.053 25.1006 0.00172825 0.000853546 -9.38422e-06 2.25499e-05
94 52.8749 74.0591 0.0159374 -0.00937391 -3.05027e-07 2.43877e-06
95 8.15695 16.5842 -0.00506802 0.00583928 1.17819e-06 2.16009e-06
96 53.3621 58.6253 -0.00646115 -0.0190924 -3.14561e-07 3.73263e-06
97 49.711 92.6425 0.0139627 -0.0139339 7.82604e-08 1.58311e-07
98 13.0689 25.1986 0.00300621 0.00018118 1.13886e-06 2.09992e-06
99 96.0585 16.1643 -0.0125905 -0.00201213 -4.62577e-05 7.88225e-05
100 50.3811 93.998 -0.0104966 -0.00602553 0 0
